OS: Windows-10-10.0.26100-SP0 10.0.26100
Python: 3.7.3
Stable-Baselines3: 1.5.0
PyTorch: 1.13.1+cpu
GPU Enabled: False
Numpy: 1.21.6
Gym: 0.21.0
